122 223 345.00 1725.00 1
123 123 123.00 738.00 1
101 111 150.00 300.00 1
111 208 145.00 290.00 1
105 204 345.00 172.50 1
111 160 123.00 123.00 1
125 207 150.00 120.00 1
125 210 850.00 119.00 1
130 225 780.00 93.60 1
112 213 750.00 90.00 1
111 212 810.00 89.10 1
120 215 890.00 89.00 1
126 222 670.00 87.10 1
116 207 670.00 87.10 1
117 207 920.00 82.80 1
127 206 740.00 81.40 1
117 210 580.00 81.20 1
112 207 830.00 74.70 1
123 218 730.00 73.00 1
111 206 720.00 72.00 1
122 217 590.00 70.80 1
115 209 560.00 67.20 1
111 208 1450.00 61.34 2
119 214 620.00 55.80 1
113 206 610.00 48.80 1
124 219 460.00 36.80 1
