4 111 208 940.00 0.11 2023-08-10
16 117 207 920.00 0.09 2024-01-05
10 120 215 890.00 0.10 2023-11-18
15 125 210 850.00 0.14 2023-12-25
2 112 207 830.00 0.09 2024-02-14
11 111 212 810.00 0.11 2023-09-22
20 130 225 780.00 0.12 2023-07-15
8 112 213 750.00 0.12 2023-10-08
18 127 206 740.00 0.11 2024-03-02
13 123 218 730.00 0.10 2024-04-20
1 111 206 720.00 0.10 2023-05-06
6 116 207 670.00 0.13 2023-06-12
17 126 222 670.00 0.13 2024-05-14
9 119 214 620.00 0.09 2023-08-17
3 113 206 610.00 0.08 2023-07-21
12 122 217 590.00 0.12 2023-09-09
7 117 210 580.00 0.14 2024-06-19
5 115 209 560.00 0.12 2024-07-01
19 111 208 510.00 0.10 2023-03-05
14 124 219 460.00 0.08 2024-02-28
21 111 234 345.00 2.00 2008-07-06
22 105 204 345.00 0.50 2021-03-04
25 122 223 345.00 5.00 2021-02-04
24 101 202 303.00 1.00 2001-01-01
23 111 208 234.00 1.00 2009-09-09
26 101 111 150.00 2.00 2006-09-08
35 125 207 150.00 0.80 2005-09-09
27 111 208 145.00 2.00 1001-01-01
101 111 160 123.00 1.00 2006-09-12
123 123 123 123.00 6.00 2001-01-01
